12345678
00000000
0000000000
1111111111
11110000
00001111
@@@@####
####@@@@
14031403
mmmmmmmm
mmmm1234
mmmm1234@@
majid1234
admin1234
password
password1234
password@@@
@@@@password
ajab1234
wifi1234
wifi@@@@
wifi####
**********
********
10101010
1010101010
iran1234
enternet@@
09955475415
09969913554
09979592013
09960369155
09945321628
09954832549
09940935264
09908004296
09916039480
09918849295
09912842408
09993369474
09998901201
09993294101
09948009017
09909902809
09994572593
09945480075
09992569755
09960801514
09938575897
09959382801
09987094099
09964680502
09952412063
09942719771
09943951756
09960535112
09935381374
09991940672
09974275599
09900860646
09959460666
09975136033
09985706181
09960185960
09959885786
09968003003
09946617706
09934365769
09921023758
09906834930
09931768167
09994434041
09925121991
09952044275
09953616132
09908082697
09927921316
09910484776
09939763399
09949702912
09921955850
09939113313
09968425564
09986356819
09961369187
09951931786
09956032543
09935552725
09964938156
09945700997
09978567702
09955620537
09971431696
09934089692
09986968553
09984006439
09940153695
09956871033
09977993460
09921431549
09905522730
09934872584
09941128827
09950978012
09986210760
09908896330
09912933193
09901582644
09990130422
09902764999
09914100798
09906639077
09917681439
09940174878
09972821583
09909611101
09916674694
09905901775
09966540819
09941074446
09949792345
09921891070
09910103648
09919106466
09945455982
09998611309
09926817920
09944980437
09992547437
09965719770
09983143776
09966290768
09991055316
09980853683
09971441366
09952317702
09919467003
09919580702
09928113502
09905847890
09951647400
09921757707
09984253419
09960208653
09927972407
09902084191
09940913000
09922184997
09942817155
09993545968
09913160985
09942588674
09929216548
09913940164
09908961893
09943742898
09929322717
09912811530
09995060814
09932716182
09990415313
09984221140
09953901305
09927338562
09910449032
09924382821
09900979222
09918214024
09975543383
09966576218
09909465827
09926543145
09908357579
09904058654
09952365306
09954886627
09968248580
09932933440
09965843247
09926493252
09965707375
09982066327
09983448969
09917265903
09959448747
09918216614
09923688262
09967934208
09985121779
09928098720
09911037612
09938355785
09994791542
09948199239
09933604735
09951853512
09900872363
09945876419
09993758393
09937190578
09957395014
09956819027
09970485155
09953657260
09927655302
09934423648
09936144672
09935906987
09956586575
09954240972
09943204637
09937718258
09984846977
09962382508
09930365303
09986682609
09945099119
09928456156
09997558557
09987802148
09986514479
09933135160
09911643920
09977135729
09913700743
09924710923
09989895895
09961477419
09989738678
09957171744
09900524295
09917539447
09904355342
09997222339
09932160285
09905320647
09991921861
09961950420
09947986413
09907896712
09919945603
09933486543
09954366863
09901329017
09921591077
09998819802
09996452789
09998150356
09996871643
09966663679
09991325610
09935448776
09912997773
09945990282
09974385242
09904179214
09973512038
09913333057
09969928752
09924216232
09979270460
09920506667
09904402063
09986455470
09939610370
09979045353
09980218598
09994557957
09920897757
09952389826
09996987975
09987910995
09922241397
09924337607
09949570044
09998336483
09984513103
09920600394
09905785075
09914231444
09995358185
09963868715
09977380836
09908685475
09976615344
09983520183
09971420784
09907869079
09911252377
09913071286
09921115432
09947520125
09965331022
09997834380
09946223092
09994354364
09930011358
09904029859
09905301414
09945852440
09962974012
09950763053
09992147640
09914522188
09969733396
09914166300
09910789877
09997056372
09924518609
09912981404
09925347276
09976036219
09925050917
09946863546
09917163557
09911707827
09971669451
09961372037
09996262316
09940359754
09993789486
09943580392
09992123220
09953192485
09919583763
09967283780
09903161008
09958168736
09977852579
09906281770
09906933462
09956450788
09996888990
09908986057
09988293733
09971174460
09912068269
09933573388
09935013428
09969491807
09987357805
09949062164
09983376467
09934895049
09939456370
09927809639
09964294423
09982382861
09903109233
09936237436
09933712048
09936269303
09924222006
09917245767
09981232943
09922298293
09910034858
09975590131
09909120793
09989442624
09917693553
09920752762
09997622014
09946154701
09936651621
09961447247
09952810728
09945817799
09994158735
09950278659
09932105139
09964841064
09939918936
09925051031
09922605013
09987391355
09990455901
09923926965
09961413627
09990549017
09941274782
09989870828
09945299386
09941654198
09904547250
09962689532
09954345047
09993136276
09990285099
09992303332
09988753898
09952641999
09980060869
09932770393
09933556317
09961186542
09929082624
09964776111
09910349432
09944236799
09997998592
09970709694
09904424621
09952094009
09977196690
09976868870
09924274471
09977321645
09916411466
09904561664
09947654132
09966316478
09967309721
09907968363
09950638095
09972878978
09923437004
09992120096
09963344029
09941696150
09985437772
09961525046
09962260656
09969887559
09925153156
09977461888
09903207544
09912515281
09905900026
09925387978
09962802460
09943010422
09960677037
09956389986
09938574226
09951448208
09986320161
09987235760
09942408565
09932365568
09979434737
09967423605
09977541773
09962231816
09979990390
09947534290
09967135699
09909263159
09989552332
09918471924
09926254964
09912631949
09963101168
09905797550
09942188205
09919375601
09957662767
09996952043
09920240858
09955059539
09918521166
09984033344
09975481168
09942147447
09942735343
09910539999
09978941927
09920437594
09914060113
09968055960
09978342452
09991279836
09912109780
09934377008
09990114098
09970786918
09910010269
09935966265
09925558111
09904807346
09920090431
09924347708
09934994089
09973032349
09978418236
09958022768
09968605764
09903829591
09999207231
09929132042
09934083489
09918250610
09979207890
09981204693
09966013886
09907666624
09954689302
09909426399
09996352500
09986392114
09907394649
09919980364
09941470449
09939019821
09921418616
09967819489
09991516803
09990216503
09918608317
09960608230
09945658657
09952961689
09945481232
09906948065
09951879208
09989849937
09999515147
09950015474
09965962032
09934777788
09932190242
09949017798
09993244150
09924840904
09922530720
09984980812
09995393267
09993491204
09901232289
09910069617
09988065028
09922681846
09996605008
09922360218
09957441347
09932305670
09959983754
09966023426
09946377121
09930833291
09947954721
09942891618
09909476070
09993712687
09977258201
09930333943
09960172852
09929183328
09951388873
09953096251
09992032842
09978007767
09972681732
09937205245
09933401412
09939054509
09921688249
09917523947
09935196091
09918011146
09975370870
09907895103
09966969875
09960764194
09959417877
09935323925
09992500103
09998918394
09989898601
09978282111
09943744098
09994854648
09915441643
09926474740
09932384371
09956226831
09957822450
09970835368
09945229513
09995827904
09938616245
09999457866
09930776687
09910275647
09955007713
09939124799
09910978479
09979944429
09994661126
09952264953
09940460191
09965964390
09962590462
09987578854
09942059180
09995328609
09999249740
09977654751
09974806356
09942179650
09927697267
09946843076
09904179897
09996060570
09939606312
09911229697
09909956961
09909469053
09913054986
09942931778
09977161795
09965112328
09995162657
09995779609
09914548489
09914857682
09941988904
09934727817
09963357987
09912528659
09906715889
09964524395
09912937379
09939828400
09975624142
09923712762
09989337595
09928958931
09975575518
09924460545
09991772659
09989801108
09997965466
09913704188
09953310365
09991499448
09996824840
09988593543
09971586030
09988209240
09981762025
09971081699
09957357555
09990255795
09915289989
09984731372
09914148032
09937942414
09910509558
09967230150
09949945814
09989636415
09918121249
09981444945
09986819226
09959287943
09905335412
09971498615
09946214944
09914093957
09924307195
09903410685
09990421385
09976436725
09904957127
09957540960
09939337290
09916434250
09929372486
09982981289
09954537781
09978886294
09987330034
09973616825
09982961931
09955276075
09959263231
09949927042
09976946500
09900273010
09968736826
09908395961
09983279755
09997355288
09913972978
09976771027
09902526192
09955918571
09998074764
09963636745
09902987455
09933555716
09970785396
09977773393
09909870531
09963756407
09998628203
09961462009
09911689432
09914191897
09920207594
09916650149
09972134449
09924816215
09907618559
09952493730
09928742923
09906127845
09975153034
09946008650
09921588345
09974310562
09951130539
09978234126
09930782490
09908464399
09959082585
09997455274
09910135372
09932065614
09901933980
09967384215
09953391694
09986530590
09967524128
09991388565
09968904458
09955888647
09961244362
09975408904
09953574350
09959787535
09979028291
09952399425
09936994189
09969692009
09904152789
09910998794
09935625625
09958963664
09995682898
09941684179
09945889619
09980908267
09915003169
09917198804
09902920815
09924835998
09972793683
09956445365
09967139671
09917842678
09952032609
09985299886
09991527776
09980653717
09978974436
09988373422
09933366184
09906876943
09902186181
09912595278
09992803158
09996064034
09905933877
09907702504
09984512229
09951413634
09932796322
09908937918
09982094885
09997639862
09948473627
09953058649
09987781830
09990382467
09962274691
09971180424
09975444803
09998465267
09930067630
09957049382
09980379588
09993319394
09937658146
09990499459
09922446975
09963751036
09946212110
09957315461
09996966704
09952291767
09945181336
09947238069
09914179515
09932322651
09966483131
09934923852
09978199058
09943793389
09923365126
09934971236
09915313649
09931630650
09995018842
09955599964
09989155542
09962822883
09994076662
09951783225
09989698729
09904747671
09926674213
09911953073
09992501460
09912862329
09904121099
09993362787
09924300617
09912079772
09963264059
09938961299
09951374989
09903082033
09994994658
09950205572
09992797970
09913788229
09911055442
09964206019
09963804213
09960265742
09924764234
09978508957
09998457370
09968721148
09932946112
09953267036
09975123332
09911227836
09955210477
09912285929
09913019391
09942941600
09965493080
09992235300
09970828301
09956975841
09971172947
09964716479
09956936259
09990410000
09921109315
09902943715
09960302760
09942332145
09910887836
09922211908
09997695811
09950622812
09920691337
09945567837
09908393822
09906728475
09993287105
09944212274
09929435715
09935190574
09943335318
09932316156
09987010721
09940193549
09951509068
09988864555
09954254838
09912057143
09918162588
09938790219
09959297600
09913781389
09936683420
09909206261
09985318270
09945688761
09941317214
09984200277
09998328484
09962604695
09909848878
09923422308
09939106914
09979011990
09924983004
09981645329
09996460753
09942994241
09909602221
09914994659
09902401151
09901470354
09915658198
09929312180
09912556982
09984563998
09926023418
09928506851
09907515193
09939531275
09916479014
09968505721
09926104821
09970481027
09900867109
09997617539
09934606892
09984027175
09965380236
09980633089
09935752113
09946873987
09980100374
09974017818
09961894207
09987856436
09955574264
09956837746
09990584728
09981491536
09918602840
09912644160
09971546545
09971545094
09904677535
09971129842
09904764780
09992769667
09951637950
09976822490
09996493371
09954944246
09962886208
09974985108
09980383799
09929988934
09922514068
09988828636
09913929930
09964871716
09904843864
09991712008
09946000235
09915760882
09960310536
09905874889
09952985147
09991087408
09926811324
09949731310
09955050926
09928443774
09920456376
09978077155
09928083201
09916439332
09953964034
09929910367
09996858917
09994588824
09975563810
09968191274
09913079984
09948317759
09928258756
09979591295
09936624020
09967821782
09980039985
09954224481
09981764609
09956110692
09976110019
09936797443
09923273534
09997818050
09926925268
09971147893
09943566626
09936936761
09916936727
09959105666
09964028838
09962622732
09926137088
09947512377
09907895184
09995001667
09930367710
09933715829
09975717217
09973900521
09973168940
09968627511
09959536206
09930970631
09989312775
09989256682
09922122461
09918029122
09950362308
09959097393
09933774688
09901388980
09992070587
09915333492
09917110026
09922589978
09910155731
09996600316
09997507167
09917129365
09982639703
09911691146
09972742978
09985170159
09974346841
09912660905
09939940980
09992516162
09952433402
09958942860
09935258207
09978462477
09917846522
09953977610
09983168588
09912567008
09947596752
09959626172
09941772837
09947320047
09972088450
09992676949
09923288489
09937688079
09937799126
09902469961
09959636564
09976958811
09900471918
09992247528
09982675692
09945622936
09908816019
09993638688
09970475803
09971230055
09907812314
09941636784
09974556208
09912711954
09920628937
09953153340
09923353351
09955375583
09906575719
09987357976
09945092730
09919804309
09928214930
09926916352
09954856585
09913553568
09902359333
09956366622
09902158461
09909850406
09929141022
09935854201
09925982735
09985577441
09917315373
09982639830
09987634282
09953511398
09920115466
09941368849
09936427618
09914975943
09948806629
09956559400
09943620796
09911166157
09921557602
09954341933
09927518328
09951237475
09982148139
09967865063
09990162284
09914558879
09992503185
09975885582
09988754725
09981728250
09986392733
09978250061
09990612739
09924015604
09923780348
09981742759
09996475994
09985658182
09997222654
09933923572
09911220919
09926850544
09930783811
09905665514
09925199043
09974053008
09978660814
09956177691
09987346160
09930752311
09976189938
09979836965
09903998149
09918249419
09927783768
09923850005
09987405194
09921681234
09942385075
09902882007
09910703126
09938088933